Paul_Tikkanen,178540,966,2226,0
NonSequitur777,4187452,63,183,377
banhien,18563,440,1554,0
erico,12343,107,485,0
BeemerBiker,2126190,28,87,0
Repairatrooper,2605118,78,214,0
Dragon-Fur,36592,160,504,0
resistencia,3509830,16,32,0
Huffer,13,273,606,0
Valsimot,1514667,62,139,0
Bill_To,5199657,11,35,0
WAWood,2544175,150,474,0
ShlomiL,265521,164,801,0
ferRX,29650,22,45,0
SDH,531619,14,71,0
SteffenBaierUK,6540224,102,99,0
TzortzisG,5049378,4,21,72
DGroves,2484454,30,111,0
old_geekster,1042,77,543,0
iomare,2811007,130,339,0
Bob_Headrick,80,45,392,0
